1	2     
2	3     
3	9
9	10
10	11
10	15
11	16
15	20	
16	13
16	12
20	21
20	23
21	22
23	25
25  	27
27  	28
28  	29
27	30
29	35
30	31
31	32
32	119
37	38
37	42
38	39
42	44
44	46
46	47
46	49
47	48
49	50
49	51
51	52
52	53
53	120
54	55	
55  	56
56  	57
56 	59
57	58
59	62
62	63
62	64
64	65
65	66
66	67
67	68
69	70
69	74
69	99
70	71
71	72
72	73
74	78
78	79
78	88
79	80
80	81
80	82
82	83
83	84
84	85
88	89
89	90
89	91
91	93
93	95
95	96
95	97
99	100
100	101
101	102	
102	123
124	103	
103	107
107	110
110	111
110	121
111	112
112	113
112	114
114	115
115	116
118	37
117	54
125	69
15	117
20	118
62	125
99	124
63	122



	





















	
   



