    1.000       0.0     0.0 	0.0     0.0     0.0     0.0    0       0       0  0       0       0        
    2.0000      0.0     0.0     0.0     0.0 	0.0 	0.0    0       0       0  0       0       0 
    3.0000      40.0	20.0	0.0     0.0     0.0 	0.0    0       0       0  0       0       0 
    4.0000      0.0     0.0     20.0	10.0	0.0     0.0    0       0       0  0       0       0 
    5.0000      0.0     0.0 	0.0     0.0     0.0     0.0    0       0       0  0       0       0 
    6.0000      0.0     0.0 	0.0     0.0     40.0	20.0   0       0       0  0       0       0 
    7.0000      0.0     0.0     0.0     0.0 	20.0	10.0   0       0       0  0       0       0 
    8.0000      0.0     0.0     0.0     0.0     40.0	20.0   0       0       0  0       0       0 
    9.0000      20.0	10.0	0.0     0.0     0.0     0.0    0       0       0  0       0       0 
    10.0000     0.0     0.0     0.0     0.0     0.0     0.0    0       0       0  0       0       0 
    11.0000     40.0	20.0	0.0     0.0     0.0     0.0    0       0       0  40      0       0 
    12.0000 	20.0	10.0	0.0     0.0     0.0 	0.0    0       0       0  0       0       0 
    13.0000 	40.0	20.0	0.0 	0.0     0.0     0.0    0       0       0  0       0       0 
    14.0000 	0.0     0.0 	20.0	10.0	0.0     0.0    0       0       0  0       0       0 
    15.0000 	0.0     0.0     0.0 	0.0     0.0     0.0    0       0       0  0       0       0 
   16.0000  	0.0     0.0     0.0     0.0     0.0     0.0    0       0       0  0       0       0 
   17.0000  	0.0     0.0 	0.0     0.0     0.0     0.0    0       0       0  0       0       0 
   18.0000  	0.0     0.0     0.0     0.0     40.0	20.0   0       0       0  0       0       40 
   19.0000  	0.0     0.0 	0.0     0.0 	20.0	10.0   0       0       0  0       0       0 
   20.0000  	0.0     0.0     0.0     0.0     0.0     0.0    0       0       0  0       0       0 
   21.0000  	40.0	20.0	0.0     0.0     0.0     0.0    0       0       0  40      0       0 
   22.0000  	40.0	20.0	0.0     0.0     0.0     0.0    0       0       0  0       0       0 
   23.0000  	0.0     0.0     0.0     0.0     0.0     0.0    0       0       0  0       0       0 
   24.0000  	0.0     0.0     40.0	20.0	0.0     0.0    0       0       0  0       40      0 
   25.0000  	0.0     0.0     0.0     0.0     0.0     0.0    0       0       0  0       0       0 
   26.0000  	0.0     0.0     0.0     0.0     40.0	20.0   0       0       0  0       0       40        
   27.0000  	0.0     0.0     0.0     0.0     0.0     0.0    0       0       0  0       0       0 
   28.0000  	0.0     0.0     0.0     0.0     0.0     0.0    0       0       0  0       0       0 
   29.0000  	0.0     0.0     0.0     0.0     0.0     0.0    0       0       0  0       0       0 
   30.0000  	40.0	20.0	0.0     0.0     0.0     0.0    0       0       0  40      0       0 
   31.0000      40.0	20.0	0.0     0.0     0.0     0.0    0       0       0  0       0       0 
   32.0000  	0.0     0.0     0.0     0.0     40.0	20.0   0       0       0  0       0       40 
   33.0000  	0.0     0.0     0.0     0.0     20.0	10.0   0       0       0  0       0       0 
   34.0000  	0.0     0.0     0.0     0.0     20.0	10.0   0       0       0  0       0       0 
   35.0000  	40.0	20.0	0.0     0.0 	0.0 	0.0    0       0       0  0       0       0 
   36.0000  	0.0     0.0     0.0     0.0     40.0	20.0   0       0       0  0       0       0 
   37.0000  	40.0	20.0	0.0     0.0     0.0     0.0    0       0       0  40      0       0 
   38.0000  	0.0     0.0 	0.0     0.0     0.0     0.0    0       0       0  0       0       0 
   39.0000  	40.0	20.0	0.0     0.0     0.0     0.0    0       0       0  0       0       0 
   40.0000  	0.0     0.0     40.0	20.0	0.0     0.0    0       0       0  0       40      0 
   41.0000  	0.0     0.0     20.0	10.0	0.0     0.0    0       0       0  0       0       0 
   42.0000  	0.0     0.0     0.0     0.0     0.0     0.0    0       0       0  0       0       0 
   43.0000  	0.0     0.0     0.0     0.0     20.0	10.0   0       0       0  0       0       0        
   44.0000  	20.0	10.0	0.0     0.0     0.0     0.0    0       0       0  0       0       0 
   45.0000  	0.0     0.0     40.0	20.0	0.0 	0.0    0       0       0  0       40      0 
   46.0000  	0.0     0.0     0.0     0.0     0.0     0.0    0       0       0  0       0       0 
   47.0000  	20.0	10.0	0.0     0.0     0.0     0.0    0       0       0  0       0       0 
   48.0000  	20.0	10.0	0.0 	0.0     0.0     0.0    0       0       0  0       0       0 
   49.0000  	35.0	25.0	35.0	25.0	35.0	25.0   0       0       0  0       0       0 
   50.0000  	70.0	50.0	70.0	50.0	70.0	50.0   0       0       0  0       0       0 
   51.0000  	35.0	25.0	70.0	50.0	35.0	20.0   0       0       0  0       0       0 
   52.0000  	0.0     0.0     0.0     0.0     40.0	20.0   0       0       0  0       0       40 
   53.0000      20.0	10.0	0.0     0.0 	0.0 	0.0    0       0       0  0       0       0 
   54.0000      40.0	20.0	0.0     0.0 	0.0     0.0    0       0       0  40      0       0
   55.0000      40.0	20.0	0.0     0.0     0.0     0.0    0       0       0  0       0       0 
   56.0000  	0.0     0.0     0.0     0.0     0.0     0.0    0       0       0  0       0       0 
   57.0000  	20.0	10.0	0.0     0.0     0.0     0.0    0       0       0  0       0       0 
   58.0000  	0.0     0.0     20.0	10.0	0.0     0.0    0       0       0  0       0       0 
   59.0000  	0.0     0.0 	0.0 	0.0     0.0 	0.0    0       0       0  0       0       0 
   60.0000  	0.0     0.0     40.0	20.0	0.0     0.0    0       0       0  0       40      0 
   61.0000  	0.0     0.0     20.0	10.0	0.0     0.0    0       0       0  0       0       0 
   62.0000  	20.0	10.0	0.0     0.0     0.0     0.0    0       0       0  0       0       0 
   63.0000  	0.0     0.0     0.0     0.0     0.0 	0.0    0       0       0  0       0       0 
   64.0000      0.0     0.0 	0.0     0.0     40.0	20.0   0       0       0  0       0       40         
   65.0000      40.0	20.0	0.0     0.0     0.0     0.0    0       0       0  40      0       0 
   66.0000  	0.0     0.0     75.0	35.0	0.0     0.0    0       0       0  0       0       0 
   67.0000  	35.0	25.0	35.0	25.0	70.0	50.0   0       0       0  0       0       0         
   68.0000  	0.0     0.0     0.0     0.0     75.0	35.0   0       0       0  0       0       0 
   69.0000      0.0     0.0 	0.0 	0.0 	0.0 	0.0    0       0       0  0       0       0 
   70.0000  	20.0	10.0	0.0     0.0     0.0 	0.0    0       0       0  0       0       0 
   71.0000      40.0	20.0	0.0     0.0     0.0     0.0    0       0       0  40      0       0 
   72.0000  	20.0	10.0	0.0     0.0 	0.0     0.0    0       0       0  0       0       0 
   73.0000  	40.0	20.0	0.0     0.0 	0.0 	0.0    0       0       0  0       0       0 
   74.0000      0.0     0.0     0.0     0.0     0.0 	0.0    0       0       0  0       0       0 
   75.0000  	0.0     0.0     0.0     0.0     40.0	20.0   0       0       0  0       0       40 
   76.0000  	0.0     0.0     0.0     0.0     40.0	20.0   0       0       0  0       0       0 
   77.0000  	0.0     0.0     0.0 	0.0 	40.0	20.0   0       0       0  0       0       0 
   78.0000  	105.0	80.0	70.0	50.0	70.0	50.0   0       0       0  0       0       0 
   79.0000  	0.0     0.0     40.0	20.0	0.0 	0.0    0       0       0  0       0       0 
   80.0000      0.0     0.0     0.0     0.0     0.0 	0.0    0       0       0  0       0       0 
   81.0000      40.0	20.0	0.0     0.0 	0.0     0.0    0       0       0  40      0       0 
   82.0000  	0.0     0.0 	40.0	20.0	0.0 	0.0    0       0       0  0       40      0 
   83.0000      0.0     0.0     0.0 	0.0     0.0     0.0    0       0       0  0       0       0 
   84.0000   	40.0	20.0	0.0     0.0     0.0     0.0    0       0       0  0       0       0 
   85.0000  	0.0     0.0 	0.0     0.0     20.0	10.0   0       0       0  0       0       0 
   86.0000   	0.0     0.0 	0.0 	0.0     20.0	10.0   0       0       0  0       0       0 
   87.0000   	0.0     0.0     0.0     0.0     40.0	20.0   0       0       0  0       0       40 
   88.0000   	0.0 	0.0     20.0	10.0	0.0 	0.0    0       0       0  0       0       0 
   89.0000   	0.0 	0.0     40.0	20.0	0.0     0.0    0       0       0  0       40      0 
   90.0000   	40.0	20.0	0.0     0.0 	0.0     0.0    0       0       0  40      0       0 
   91.0000   	0.0 	0.0     0.0     0.0     0.0     0.0    0       0       0  0       0       0 
   92.0000   	0.0     0.0 	40.0	20.0	0.0 	0.0    0       0       0  0       40      0 
   93.0000   	0.0 	0.0     0.0     0.0 	0.0 	0.0    0       0       0  0       0       0 
   94.0000   	0.0     0.0 	0.0     0.0     40.0	20.0   0       0       0  0       0       40 
   95.0000  	0.0     0.0     0.0 	0.0     0.0 	0.0    0       0       0  0       0       0 
   96.0000   	40.0	20.0	0.0     0.0 	0.0 	0.0    0       0       0  40      0       0 
   97.0000  	0.0     0.0     20.0	10.0	0.0 	0.0    0       0       0  0       0       0 
   98.0000  	0.0 	0.0     20.0	10.0	0.0 	0.0    0       0       0  0       0       0 
   99.0000   	0.0 	0.0 	0.0 	0.0     0.0 	0.0    0       0       0  0       0       0 
   100.0000   	40.0	20.0	0.0     0.0     0.0 	0.0    0       0       0  40      0       0 
   101.0000  	0.0     0.0     40.0	20.0	0.0 	0.0    0       0       0  0       40      0 
  102.0000   	0.0     0.0     0.0     0.0 	40.0	20.0   0       0       0  0       0       0  
  103.0000   	0.0     0.0 	0.0 	0.0     0.0 	0.0    0       0       0  0       0       0 
  104.0000   	0.0 	0.0 	0.0     0.0     20.0	10.0   0       0       0  0       0       0 
  105.0000   	0.0     0.0     0.0 	0.0     40.0	20.0   0       0       0  0       0       0       
  106.0000  	0.0     0.0     0.0 	0.0 	40.0	20.0   0       0       0  0       0       40 
  107.0000   	0.0     0.0 	0.0 	0.0 	0.0 	0.0    0       0       0  0       0       0 
  108.0000   	0.0 	0.0     80.0	40.0	0.0     0.0    0       0       0  0       0       0 
  109.0000   	0.0     0.0     40.0	20.0	0.0     0.0    0       0       0  0       40      0 
  110.0000   	0.0     0.0 	0.0     0.0     0.0 	0.0    0       0       0  0       0       0 
  111.0000   	40.0	20.0	0.0 	0.0     0.0     0.0    0       0       0  40      0       0 
  112.0000   	0.0 	0.0     0.0 	0.0     0.0 	0.0    0       0       0  0       0       0 
  113.0000   	20.0	10.0	0.0     0.0 	0.0 	0.0    0       0       0  0       0       0 
  114.0000   	20.0	10.0	0.0 	0.0     0.0     0.0    0       0       0  0       0       0 
  115.0000   	40.0	20.0	0.0     0.0 	0.0 	0.0    0       0       0  0       0       0 
  116.0000   	20.0	10.0	0.0     0.0     0.0     0.0    0       0       0  0       0       0 
  117.0000   	0.0     0.0 	0.0 	0.0 	0.0 	0.0    0       0       0  0       0       0 
  118.0000  	0.0 	0.0     0.0 	0.0     0.0 	0.0    0       0       0  0       0       0 
  119.0000   	0.0     0.0     0.0     0.0 	0.0 	0.0    0       0       0  0       0       0 
  120.0000   	0.0 	0.0     0.0     0.0 	0.0 	0.0    0       0       0  0       0       0 
  121.0000   	0.0 	0.0     0.0 	0.0     0.0 	0.0    0       0       0  0       0       0 
  122.0000   	0.0     0.0     0.0     0.0     0.0     0.0    0       0       0  0       0       0 
  123.0000   	0.0     0.0     0.0 	0.0 	0.0     0.0    0       0       0  0       0       0 
  124.0000   	0.0     0.0     0.0 	0.0 	0.0 	0.0    0       0       0  0       0       0 
  125.0000   	0.0     0.0     0.0     0.0     0.0 	0.0    0       0       0  0       0       0 
  