1 2     0  	0	0	0   	0	0		0	 0	0	0	 0	0		
2 3     0.0347	0.0118	0.0116	0.0353	0.0120	0.0350		0.0817	 0.0380	0.0292	0.0794	 0.0321	0.0807
3 4     0.0000	0.0000	0.0000	0.0441  0.0000 	0.0000		0.0000   0.0000	0.0000	0.0447	 0.0000	0.0000	
3 5     0.0000	0.0000	0.0000	0.0000  0.0000 	0.0629		0.0000   0.0000	0.0000	0.0000	 0.0000	0.0638
3 9     0.0260	0.0089	0.0087	0.0265	0.0090	0.0262		0.0613	 0.0285	0.0219	0.0596 	 0.0241 0.0605        
5 6     0.0000	0.0000	0.0000	0.0000	0.0000	0.0503		0.0000	 0.0000	0.0000	0.0000   0.0000	0.0510
5 7     0.0000	0.0000	0.0000	0.0000	0.0000	0.0818		0.0000	 0.0000	0.0000	0.0000   0.0000	0.0829
7 8     0.0000	0.0000	0.0000	0.0000	0.0000	0.0629		0.0000	 0.0000	0.0000	0.0000   0.0000	0.0638
9 10    0.0173	0.0059	0.0058	0.0177	0.0060	0.0175		0.0408	 0.0190	0.0146	0.0397 	 0.0160	0.0403 
10 14   0.0000	0.0000	0.0000	0.0566	0.0000	0.0000		0.0000	 0.0000	0.0000	0.0574   0.0000	0.0000
10 11   0.0566	0.0000	0.0000	0.0000	0.0000	0.0000		0.0574	 0.0000	0.0000	0.0000   0.0000	0.0000
10 15   0.0260	0.0089	0.0087	0.0265	0.0090  0.0262 		0.0613	 0.0285	0.0219	0.0596	 0.0241	0.0605	
11 16	0       0       0       0       0       0           0       0       0       0        0      0
15 36	0.0000	0.0000	0.0000	0.0000	0.0000	0.0378		0.0000	 0.0000	0.0000	0.0000   0.0000	0.0383
15 20	0.0729	0.0247	0.0244	0.0721	0.0240	0.0715		0.1638	 0.0662	0.0784	0.1664	 0.0601	0.1684  	
16 13	0.0629	0.0000	0.0000	0.0000	0.0000	0.0000		0.0638	 0.0000	0.0000	0.0000   0.0000	0.0000
16 12	0.0629	0.0000	0.0000	0.0000	0.0000	0.0000		0.0638	 0.0000	0.0000	0.0000   0.0000	0.0000
17 18	0.0000 	0.0000	0.0000	0.0000	0.0000	0.0944		0.0000 	 0.0000	0.0000	0.0000   0.0000	0.0957
17 19	0.0000 	0.0000	0.0000	0.0000	0.0000	0.0881		0.0000 	 0.0000	0.0000	0.0000   0.0000	0.0893
20 21	0.0629	0.0000	0.0000	0.0000	0.0000	0.0000		0.0638	 0.0000	0.0000	0.0000   0.0000	0.0000
20 23	0.0265  0.0090  0.0089	0.0262	0.0087	0.0260		0.0596	 0.0241	0.0285	0.0605	 0.0219	0.0613
21 22	0.0818	0.0000	0.0000	0.0000	0.0000	0.0000		0.0829	 0.0000	0.0000	0.0000   0.0000	0.0000
23 24	0.0000	0.0000	0.0000	0.1322	0.0000	0.0000		0.0000	 0.0000	0.0000	0.1340   0.0000	0.0000
23 25	0.0221  0.0075  0.0074	0.0219	0.0073	0.0217		0.0496	 0.0201	0.0238	0.0504	 0.0182	0.0510
25 26	0.0000	0.0000	0.0000	0.0000	0.0000	0.1385		0.0000	 0.0000	0.0000	0.0000   0.0000	0.1404
25 27	0.0243  0.0082  0.0081	0.0240	0.0080	0.0238		0.0546	 0.0221	0.0261	0.0555	 0.0200	0.0561
27 28	0       0   	0       0       0       0           0        0          0	0        0      0	
27 30	0.0177  0.0060  0.0059	0.0175	0.0058	0.0173		0.0397	 0.0160	0.0190	0.0403	 0.0146	0.0408
28 29	0.0238  0.0000  0.0000	0.0000	0.0000	0.000		0.0561	 0.0000	0.0000	0.0000	 0.0000	0.0000
28 33	0.0000	0.0000	0.0000	0.0000	0.0000	0.0566		0.0000	 0.0000	0.0000	0.0000   0.0000	0.0574
29 35	0.1259	0.0000	0.0000	0.0000	0.0000	0.0000		0.1276	 0.0000	0.0000	0.0000   0.0000	0.0000
30 31	0.0265  0.0090  0.0089	0.0262	0.0087	0.0260		0.0596	 0.0241	0.0285	0.0605	 0.0219	0.0613
31 32	0.0309  0.0105  0.0103	0.0306	0.0102	0.0303		0.0695	 0.0281	0.0333	0.0706	 0.0255	0.0715
32 119	0.0177  0.0060  0.0059	0.0175	0.0058	0.0173		0.0397	 0.0160	0.0190	0.0403	 0.0146	0.0408
33 34	0.0000	0.0000	0.0000	0.0000	0.0000	0.0755		0.0000	 0.0000	0.0000	0.0000   0.0000	0.0766
36 17	0.0000	0.0000	0.0000	0.0000	0.0000	0.0252		0.0000	 0.0000	0.0000	0.0000   0.0000	0.0255
37 38	0.0563  0.0189  0.0000	0.0568	0.0000	0.0000		0.1327	 0.0474	0.0000	0.1311	 0.0000	0.0000
37 42	0.0217  0.0074  0.0073	0.0221	0.0075	0.0219 		0.0510	 0.0238	0.0182	0.0496	 0.0201	0.0504
38 39	0.0755 	0.0000	0.0000	0.0000	0.0000	0.0000		0.0766	 0.0000	0.0000	0.0000   0.0000	0.0000
38 40	0.0000 	0.0000	0.0000	0.0629	0.0000	0.0000		0.0000	 0.0000	0.0000	0.0638   0.0000	0.0000
40 41   0.0000 	0.0000	0.0000	0.0818	0.0000	0.0000		0.0000	 0.0000	0.0000	0.0829   0.0000	0.0000
42 43	0.0000 	0.0000	0.0000	0.0000	0.0000	0.0818		0.0000	 0.0000	0.0000	0.0000   0.0000	0.0829
42 44	0.0217  0.0074  0.0073	0.0221	0.0075	0.0219		0.0510	 0.0238	0.0182	0.0496	 0.0201	0.0504
44 45	0.0000 	0.0000	0.0000	0.1259	0.0000	0.0000		0.0000	 0.0000	0.0000	0.1276   0.0000	0.0000
44 46	0.0173  0.0059  0.0058	0.0177	0.0060	0.0175		0.0408	 0.0190	0.0146	0.0397	 0.0160	0.0403
46 47	0.0503 	0.0000	0.0000	0.0000	0.0000	0.0000		0.0510	 0.0000	0.0000	0.0000   0.0000	0.0000
46 49	0.0217  0.0074  0.0073	0.0221	0.0075	0.0219		0.0510	 0.0238	0.0182	0.0496	 0.0201	0.0504
47 48	0.0755 	0.0000	0.0000	0.0000	0.0000	0.0000		0.0766	 0.0000	0.0000	0.0000   0.0000	0.0000
49 50	0.0131  0.0045  0.0044	0.0133	0.0044	0.0130 		0.0303	 0.0120	0.0109	0.0298	 0.0143	0.0306
49 51   0.0219  0.0075  0.0073	0.0221	0.0074	0.0217		0.0504	 0.0201	0.0182	0.0496	 0.0238	0.0510
51 52	0.0219  0.0075  0.0073	0.0221	0.0074	0.0217		0.0504	 0.0201	0.0182	0.0496	 0.0238	0.0510
52 53   0.0219  0.0075  0.0073	0.0221	0.0074	0.0217		0.0504	 0.0201	0.0182	0.0496	 0.0238	0.0510
54 55	0.0173  0.0059  0.0058	0.0177	0.0060	0.0175		0.0408	 0.0190	0.0146	0.0397	 0.0160	0.0403
55 56	0.0108  0.0037	0.0036	0.0110	0.0037	0.0109		0.0255	 0.0119	0.0091	0.0248	 0.0100	0.0252
56 57	0.0238  0.0081	0.0080	0.0243	0.0082	0.0240		0.0561	 0.0261	0.0200	0.0546	 0.0221	0.0555
56 59	0.0306  0.0102	0.0105	0.0303	0.0103	0.0309		0.0706	 0.0255	0.0281	0.0715	 0.0333	0.0695
57 58	0.0238  0.0081	0.0080	0.0243	0.0082	0.0240		0.0561	 0.0261	0.0200	0.0546	 0.0221	0.0555
59 60	0.0000 	0.0000	0.0000	0.0629	0.0000	0.0000		0.0000	 0.0000	0.0000	0.0638   0.0000	0.0000
59 62	0.0656  0.0218	0.0224	0.0650	0.0222	0.0663		0.1513	 0.0547	0.0602	0.1531	 0.0713	0.1489
60 61 	0.0000 	0.0000	0.0000	0.0629	0.0000	0.0000		0.0000	 0.0000	0.0000	0.0638   0.0000	0.0000
62 63	0.0486  0.0163	0.0165	0.0477	0.0160	0.0481		0.1092	 0.0523	0.0441	0.1123	 0.0401	0.1109	
62 64	0.0720  0.0246	0.0233	0.0726	0.0246	0.0720		0.0356	 0.0131	0.0102	0.0339	 0.0131	0.0356
64 65	0.0504  0.0172	0.0163	0.0508	0.0172	0.0504		0.0249	 0.0092	0.0071	0.0237	 0.0092	0.0249
65 66	0.1008  0.0345	0.0326	0.1016	0.0345	0.1008		0.0499	 0.0184	0.0143	0.0475	 0.0184	0.0499
66 67	0.1224  0.0418	0.0396	0.1234	0.0418	0.1224		0.0605	 0.0223	0.0174	0.0576	 0.0223	0.0605
67 68	0.0936  0.0320	0.0303	0.0944	0.0320	0.0936		0.0463	 0.0171	0.0133	0.0441	 0.0171	0.0463
69 70	0.0503 	0.0000	0.0000	0.0000	0.0000	0.0000		0.0510	 0.0000	0.0000	0.0000   0.0000	0.0000
69 74	0.0240  0.0080	0.0082	0.0238	0.0081	0.0243		0.0555	 0.0200	0.0221	0.0561	 0.0261	0.0546
69 99	0.0219  0.0073	0.0075	0.0217	0.0074	0.0221		0.0504	 0.0182	0.0201	0.0510	 0.0238	0.0496
70 71   0.0692 	0.0000	0.0000	0.0000	0.0000	0.0000		0.0702	 0.0000	0.0000	0.0000   0.0000	0.0000
71 72	0.0818 	0.0000	0.0000	0.0000	0.0000	0.0000		0.0829	 0.0000	0.0000	0.0000   0.0000	0.0000
72 73	0.0692 	0.0000	0.0000	0.0000	0.0000	0.0000		0.0702	 0.0000	0.0000	0.0000   0.0000	0.0000
74 75   0.0000 	0.0000	0.0000	0.0000	0.0000	0.0692		0.0000	 0.0000	0.0000	0.0000   0.0000	0.0702
74 78	0.0175  0.0058	 0.0060	0.0173	0.0059	0.0177		0.0403	 0.0146	0.0160	0.0408	 0.0190	0.0397
75 76	0.0000 	0.0000	0.0000	0.0000	0.0000	0.0881		0.0000	 0.0000	0.0000	0.0000   0.0000	0.0893
76 77	0.0000 	0.0000	0.0000	0.0000	0.0000	0.1007		0.0000	 0.0000	0.0000	0.0000   0.0000	0.1021
78 79 	0.0347  0.0116	0.0118	0.0350	0.0120	0.0353		0.0817	 0.0292	0.0380	0.0807	 0.0321 0.0794
78 88	0.0612  0.0204	0.0209	0.0607	0.0207	0.0619		0.1412	 0.0510	0.0562	0.1429	 0.0665	0.1390
79 80	0.0087  0.0029	0.0030	0.0087	0.0030	0.0088		0.0204	 0.0073	0.0095	0.0202	 0.0080	0.0199
80 81	0.0195  0.0065	0.0066	0.0197	0.0067 	0.0199		0.0459	 0.0164	0.0214	0.0454	 0.0181	0.0447
80 82 	0.0412  0.0138	0.0140	0.0415	0.0142	0.0420		0.0970	 0.0346	0.0451	0.0958	 0.0381	0.0943
82 83 	0.0412  0.0138	0.0140	0.0415	0.0142	0.0420		0.0970	 0.0346	0.0451	0.0958	 0.0381	0.0943
83 84	0.0217 	0.0073	0.0074	0.0219	0.0075	0.0221		0.0510	 0.0182	0.0238	0.0504	 0.0201	0.0496
83 86   0.0000 	0.0000	0.0000	0.0000	0.0000	0.1699		0.0000	 0.0000	0.0000	0.0000   0.0000	0.1723
84 85	0.0217 	0.0073	0.0074	0.0219	0.0075	0.0221		0.0510	 0.0182	0.0238	0.0504	 0.0201	0.0496
86 87 	0.0000 	0.0000	0.0000	0.0000	0.0000	0.1196		0.0000	 0.0000	0.0000	0.0000   0.0000	0.1212
88 89	0.0390  0.0131	0.0133	0.0393	0.0135	0.0398		0.0919	 0.0328	0.0428	0.0908	 0.0361	0.0893
89 90	0.0441 	0.0000	0.0000	0.0000	0.0000	0.0000		0.0447	 0.0000	0.0000	0.0000   0.0000	0.0000
89 91	0.0238  0.0080	0.0081	0.0240	0.0082	0.0243		0.0561	 0.0200	0.0261	0.0555	 0.0221	0.0546
91 92	0.0000 	0.0000	0.0000	0.0566	0.0000	0.0000		0.0000	 0.0000	0.0000	0.0574   0.0000	0.0000
91 93	0.0195  0.0065	0.0066	0.0197	0.0067	0.0199		0.0459	 0.0164	0.0214	0.0454	 0.0181	0.0447
93 94	0.0000 	0.0000	0.0000	0.0000	0.0000	0.0755		0.0000	 0.0000	0.0000	0.0000   0.0000	0.0766
93 95	0.0195  0.0065	0.0066	0.0197	0.0067	0.0199		0.0459	 0.0164	0.0214	0.0454	 0.0181	0.0447
95 96	0.0692 	0.0000	0.0000	0.0000	0.0000	0.0000		0.0702	 0.0000	0.0000	0.0000   0.0000	0.0000
95 97	0.0260  0.0087	0.0089	0.0262	0.0090	0.0265		0.0613	 0.0219	0.0285	0.0605	 0.0241	0.0596
97 98	0.0000 	0.0000	0.0000	0.0503	0.0000	0.0000		0.0000	 0.0000	0.0000	0.0510   0.0000	0.0000
99 100	0.0240  0.0080	0.0082	0.0238	0.0081	0.0243		0.0555	 0.0200	0.0221	0.0561	 0.0261	0.0546
100 101	0.0481  0.0160	0.0165	0.0477	0.0163	0.0486		0.1109	 0.0401	0.0441	0.1123	 0.0523	0.1092
101 102	0.0262 	0.0087	0.0090	0.0260	0.0089	0.0265		0.0605	 0.0219	0.0241	0.0613	 0.0285	0.0596
102 123	0.0699  0.0233 	0.0239	0.0693	0.0236	0.0707		0.1614	 0.0583	0.0642	0.1633	 0.0760	0.1588
103 104 0.0000 	0.0000	0.0000	0.0000	0.0000	0.0566		0.0000	 0.0000	0.0000	0.0000   0.0000	0.0574
103 107 0.0240  0.0080	0.0082	0.0238	0.0081	0.0243		0.0555	 0.0200	0.0221	0.0561	 0.0261	0.0546
104 105	0.0000 	0.0000	0.0000	0.0000	0.0000	0.0818		0.0000	 0.0000	0.0000	0.0000   0.0000	0.0829
105 106 0.0000 	0.0000	0.0000	0.0000	0.0000	0.1762		0.0000	 0.0000	0.0000	0.0000   0.0000	0.1786
107 108	0.0000 	0.0000	0.0000	0.0566	0.0000	0.0000		0.0000	 0.0000	0.0000	0.0574   0.0000	0.0000
107 110	0.0284  0.0094	0.0097	0.0282	0.0096	0.0287		0.0656	 0.0237	0.0261	0.0664	 0.0309	0.0645
108 109 0.0000 	0.0000	0.0000	0.1448	0.0000	0.0000		0.0000	 0.0000	0.0000	0.1467   0.0000	0.0000
110 111 0.1133 	0.0000	0.0000	0.0000	0.0000	0.0000		0.1148	 0.0000	0.0000	0.0000   0.0000	0.0000
110 121	0.0874	0.0291 	0.0299	0.0867	0.0295	0.0884		0.2017	 0.0729	0.0802	0.2042	 0.0950	0.1985
111 112	0.0755 	0.0000	0.0000	0.0000	0.0000	0.0000		0.0766	 0.0000	0.0000	0.0000   0.0000	0.0000	
112 113	0.1448 	0.0000	0.0000	0.0000	0.0000	0.0000		0.1467	 0.0000	0.0000	0.0000   0.0000	0.0000
112 114 0.0315 	0.0000	0.0000	0.0000	0.0000	0.0000		0.0319	 0.0000	0.0000	0.0000   0.0000	0.0000
114 115	0.1322 	0.0000	0.0000	0.0000	0.0000	0.0000		0.1340	 0.0000	0.0000	0.0000   0.0000	0.0000
115 116 0.0818 	0.0000	0.0000	0.0000	0.0000	0.0000		0.0829	 0.0000	0.0000	0.0000   0.0000	0.0000
118 37	0.0328  0.0112	0.0109	0.0331	0.0111	0.0325		0.0756	 0.0301	0.0273	0.0744	 0.0356	0.0766
117 54 	0.0347	0.0118	0.0116	0.0353	0.0120	0.0350		0.0817	 0.0380	0.0292	0.0794	 0.0321	0.0807
120 53	0.0437	0.0150	0.0145	0.0442	0.0148	0.0433		0.1009	 0.0401	0.0364	0.0993	 0.0475	0.1021
125 69  0  	0       0       0       0       0           0        0  	0       0        0      0
124 103	0.0219	0.0073	0.0075	0.0217	0.0074	0.0221		0.0504	 0.0182	0.0201	0.0510	 0.0238	0.0496
15  117	0.000001 0	0	0.000001 0	0.000001	0	 0	0	0	 0	0
20  118	0.000001 0	0	0.000001 0	0.000001	0	 0	0	0	 0	0
62  125 0.000001 0	0	0.000001 0	0.000001	0	 0	0	0	 0	0
99  124 0.000001 0	0	0.000001 0	0.000001	0	 0	0	0	 0	0
63  122 0.0127   0	0	0.0127   0	0.0127		0.0272	 0	0	0.0272	 0	0.0272







































